[[ 0.2     0.1955  0.1805  0.2075  0.2035  0.249   0.2245  0.2695  0.243
   0.285   0.2475  0.2925  0.246   0.297   0.2485  0.305   0.2525  0.3145
   0.257   0.325   0.2625  0.3355  0.2675  0.3455  0.2725  0.355   0.2775
   0.364   0.282   0.372   0.286   0.196   0.198   0.1875  0.1825  0.1915
   0.175   0.1875  0.163   0.1815  0.149   0.1745  0.1355  0.168   0.122
   0.161   0.103   0.152   0.0815  0.141   0.0585  0.1305  0.036   0.1405
   0.026   0.147   0.024   0.1505  0.02    0.1515  0.0335  0.15    0.046
   0.146   0.      0.      0.      0.      0.      0.      0.      0.      0.
   0.      0.      0.      0.      0.      0.      0.      0.      0.      0.
   0.      0.      0.      0.      0.      0.      0.      0.      0.      0.
   0.      0.      0.      0.      0.      0.      0.      0.      0.      0.
   0.      0.      0.      0.      0.      0.      0.      0.      0.      0.
   0.      0.      0.      0.      0.      0.      0.      0.      0.      0.
   0.      0.      0.      0.      0.      0.      0.      0.      0.      0.
   0.      0.      0.      0.      0.      0.      0.      0.      0.      0.
   0.      0.      0.      0.      0.      0.      0.      0.      0.      0.
   0.      0.      0.      0.      0.      0.      0.      0.      0.      0.
   0.      0.      0.      0.      0.      0.      0.      0.      0.      0.
   0.      0.      0.      0.      0.      0.      0.      0.      0.      0.
   0.      0.      0.      0.      0.      0.      0.      0.      0.      0.
   0.      0.      0.      0.      0.      0.      0.      0.      0.      0.
   0.      0.      0.      0.      0.      0.      0.      0.      0.      0.
   0.      0.      0.      0.      0.      0.      0.      0.      0.      0.
   0.      0.      0.      0.      0.      0.      0.      0.      0.      0.
   0.      0.      0.      0.      0.      0.      0.      0.      0.      0.
   0.      0.      0.      0.      0.      0.      0.      0.      0.      0.
   0.      0.      0.      0.      0.      0.      0.      0.      0.      0.
   0.      0.      0.      0.      0.      0.      0.      0.      0.      0.
   0.      0.      0.      0.      0.      0.      0.      0.      0.      0.
   0.      0.      0.      0.      0.      0.      0.      0.      0.      0.
   0.      0.      0.      0.      0.      0.      0.      0.      0.      0.
   0.      0.      0.      0.      0.      0.      0.      0.      0.      0.
   0.      0.      0.      0.      0.      0.      0.      0.      0.      0.
   0.      0.      0.      0.      0.      0.      0.      0.      0.      0.
   0.      0.      0.      0.      0.      0.      0.      0.      0.      0.
   0.      0.      0.      0.      0.      0.      0.      0.      0.      0.
   0.      0.      0.      0.      0.      0.      0.      0.      0.      0.
   0.      0.      0.      0.      0.      0.      0.      0.      0.      0.
   0.      0.      0.      0.      0.      0.      0.      0.      0.      0.
   0.      0.      0.      0.      0.      0.      0.      0.      0.      0.
   0.      0.      0.      0.      0.      0.      0.      0.      0.      0.
   0.      0.      0.      0.      0.      0.      0.      0.      0.      0.
   0.      0.      0.      0.      0.      0.      0.      0.      0.      0.
   0.      0.      0.      0.      0.      0.      0.      0.      0.      0.
   0.      0.      0.      0.      0.      0.      0.      0.      0.      0.
   0.      0.      0.      0.      0.      0.      0.      0.      0.      0.
   0.      0.      0.      0.      0.      0.      0.      0.      0.      0.
   0.      0.      0.      0.      0.      0.      0.      0.      0.      0.
   0.      0.      0.      0.      0.      0.      0.      0.      0.      0.
   0.      0.      0.      0.      0.      0.      0.      0.      0.      0.
   0.      0.      0.      0.      0.      0.      0.      0.      0.      0.
   0.      0.      0.      0.      0.      0.      0.      0.      0.      0.
   0.      0.      0.      0.      0.      0.      0.      0.      0.      0.
   0.      0.      0.      0.      0.      0.      0.      0.      0.      0.
   0.      0.      0.      0.      0.      0.      0.      0.      0.      0.
   0.      0.      0.      0.      0.      0.      0.      0.      0.      0.
   0.      0.      0.      0.      0.      0.      0.      0.      0.      0.
   0.      0.      0.      0.      0.      0.      0.      0.      0.      0.
   0.      0.      0.      0.      0.      0.      0.      0.      0.      0.
   0.      0.      0.      0.      0.      0.      0.      0.      0.      0.
   0.      0.      0.      0.      0.      0.      0.      0.      0.      0.
   0.      0.      0.      0.      0.      0.      0.      0.      0.      0.
   0.      0.      0.      0.      0.      0.      0.      0.      0.      0.
   0.      0.      0.      0.      0.      0.      0.      0.      0.      0.
   0.      0.      0.      0.      0.      0.      0.      0.      0.      0.
   0.      0.      0.      0.      0.      0.      0.      0.      0.      0.
   0.      0.      0.      0.      0.      0.      0.      0.      0.      0.
   0.      0.      0.      0.      0.      0.      0.      0.      0.      0.
   0.      0.      0.      0.      0.      0.      0.      0.      0.      0.
   0.      0.      0.      0.      0.      0.      0.      0.      0.      0.
   0.      0.      0.      0.      0.      0.      0.      0.      0.      0.
   0.      0.      0.      0.      0.      0.      0.      0.      0.      0.
   0.      0.      0.      0.      0.      0.      0.      0.      0.      0.
   0.      0.      0.      0.      0.      0.      0.      0.      0.      0.
   0.      0.      0.      0.      0.      0.      0.      0.      0.      0.
   0.      0.      0.      0.      0.      0.      0.      0.      0.      0.
   0.      0.      0.      0.      0.      0.      0.      0.      0.      0.
   0.      0.      0.      0.      0.      0.      0.      0.      0.      0.
   0.      0.      0.      0.      0.      0.      0.      0.      0.      0.
   0.      0.      0.      0.      0.      0.      0.      0.      0.      0.
   0.      0.      0.      0.      0.      0.      0.      0.      0.      0.
   0.      0.      0.      0.      0.      0.      0.      0.      0.      0.
   0.      0.      0.      0.      0.      0.      0.      0.      0.      0.
   0.      0.      0.      0.      0.      0.      0.      0.      0.      0.
   0.      0.      0.      0.      0.      0.      0.      0.      0.      0.
   0.      0.      0.      0.      0.      0.      0.      0.      0.      0.
   0.      0.      0.      0.      0.      0.      0.      0.      0.      0.
   0.      0.      0.      0.      0.      0.      0.      0.      0.      0.
   0.      0.      0.      0.      0.      0.      0.      0.      0.      0.
   0.      0.      0.      0.      0.      0.      0.      0.      0.      0.
   0.      0.      0.      0.      0.      0.      0.      0.      0.      0.
   0.      0.      0.      0.      0.      0.      0.      0.      0.      0.
   0.      0.      0.      0.      0.      0.      0.      0.      0.      0.
   0.      0.      0.      0.      0.      0.      0.      0.      0.      0.
   0.      0.      0.      0.      0.      0.      0.      0.      0.      0.
   0.      0.      0.      0.      0.      0.      0.      0.      0.      0.
   0.      0.      0.      0.      0.      0.      0.      0.      0.      0.
   0.      0.      0.      0.      0.      0.      0.      0.      0.      0.
   0.      0.      0.      0.      0.      0.      0.      0.      0.      0.
   0.      0.      0.      0.      0.      0.      0.      0.      0.      0.
   0.      0.      0.      0.      0.      0.      0.    ]]